NaturalNumber1L
Enter a natural number: 7
p,t
0,0
50,41
100,83
150,36
200,35
250,32
300,50
350,85
400,136
450,145
500,260
550,236
600,315
650,419
700,424
750,532
800,615
850,741
900,834
950,975
1000,1121

NaturalNumber2
Enter a natural number: 7
p,t
0,0
50,19
100,26
150,23
200,19
250,10
300,8
350,10
400,13
450,10
500,12
550,14
600,18
650,21
700,28
750,42
800,32
850,36
900,62
950,65
1000,49

NaturalNumber2Slow
Enter a natural number: 7
p,t
0,0
50,39
100,40
150,26
200,15
250,14
300,14
350,14
400,19
450,24
500,38
550,45
600,41
650,76
700,63
750,65
800,95
850,133
900,97
950,117
1000,136
